lambda = 0.0100
sigma = 0.0100
alpha = [
   -0.0297;
   -0.0296;
    0.0295;
   -0.0297;
    0.0297;
   -0.0296;
    0.0297;
    0.0295;
   -0.0297;
    0.0297;
   -0.0297;
   -0.0297;
   -0.0297;
    0.0270;
    0.0287;
    0.0286;
    0.0296;
   -0.0297;
    0.0296;
    0.0291;
    0.0277;
   -0.0295;
   -0.0296;
   -0.0296;
    0.0297;
   -0.0298;
    0.0273;
   -0.0297;
    0.0297;
   -0.0297;
   -0.0292;
    0.0296;
    0.0297;
    0.0296;
    0.0291;
   -0.0296;
    0.0295;
   -0.0296;
   -0.0297;
    0.0297;
    0.0297;
   -0.0297;
   -0.0295;
   -0.0297;
    0.0297;
   -0.0295;
    0.0291;
   -0.0296;
    0.0296;
    0.0297;
    0.0295;
    0.0287;
   -0.0297;
   -0.0297;
    0.0280;
    0.0297;
    0.0297;
   -0.0297;
   -0.0297;
   -0.0297;
    0.0297;
   -0.0296;
    0.0297;
    0.0290;
    0.0289;
   -0.0296;
   -0.0297;
    0.0297;
    0.0297;
    0.0297;
   -0.0296;
    0.0297;
   -0.0297;
   -0.0297;
   -0.0297;
    0.0296;
   -0.0296;
    0.0278;
   -0.0297;
    0.0297;
   -0.0296;
    0.0295;
    0.0297;
    0.0297;
   -0.0297;
    0.0297;
    0.0294;
   -0.0297;
   -0.0297;
    0.0297;
   -0.0297;
    0.0297;
    0.0297;
    0.0297;
   -0.0297;
   -0.0297;
   -0.0296;
   -0.0297;
    0.0297;
   -0.0292;
   -0.0296;
   -0.0297;
   -0.0295;
   -0.0296;
   -0.0297;
   -0.0297;
    0.0297;
    0.0297;
    0.0297;
   -0.0296;
    0.0297;
   -0.0297;
    0.0288;
   -0.0297;
   -0.0297;
    0.0297;
    0.0297;
    0.0296;
   -0.0294;
   -0.0296;
    0.0295;
    0.0291;
    0.0297;
    0.0297;
   -0.0297;
   -0.0296;
   -0.0296;
   -0.0296;
   -0.0297;
    0.0296;
   -0.0297;
    0.0297;
    0.0292;
    0.0297;
    0.0297;
    0.0297;
   -0.0296;
    0.0297;
    0.0297;
    0.0297;
   -0.0296;
   -0.0297;
   -0.0297;
   -0.0296;
   -0.0296;
   -0.0296;
    0.0297;
   -0.0297;
   -0.0296;
    0.0297;
    0.0282;
    0.0296;
   -0.0297;
    0.0292;
    0.0297;
   -0.0296;
   -0.0297;
    0.0296;
    0.0296;
   -0.0297;
   -0.0296;
    0.0297;
    0.0297;
    0.0297;
   -0.0297;
    0.0297;
    0.0283;
   -0.0297;
    0.0290;
   -0.0296;
   -0.0297;
    0.0294;
    0.0297;
   -0.0297;
    0.0297;
   -0.0297;
    0.0293;
    0.0288;
    0.0297;
   -0.0297;
   -0.0294;
   -0.0295;
   -0.0297;
   -0.0296;
   -0.0295;
   -0.0297;
    0.0297;
   -0.0297;
   -0.0297;
    0.0297;
   -0.0295;
   -0.0297;
    0.0286;
    0.0297;
    0.0297;
    0.0297;
   -0.0296;
    0.0297;
    0.0297;
    0.0297;
    0.0297;
   -0.0295;
   -0.0297;
   -0.0296;
   -0.0296;
    0.0268;
   -0.0296;
   -0.0296;
   -0.0297;
   -0.0296;
   -0.0297;
   -0.0297;
   -0.0297;
   -0.0291;
   -0.0297;
   -0.0297;
    0.0287;
   -0.0297;
    0.0292;
   -0.0294;
   -0.0297;
   -0.0296;
    0.0297;
   -0.0296;
    0.0297;
   -0.0294;
    0.0296;
   -0.0296;
   -0.0297;
    0.0297;
   -0.0295;
   -0.0297;
    0.0296;
   -0.0296;
    0.0259;
    0.0297;
   -0.0296;
   -0.0297;
    0.0295;
   -0.0296;
   -0.0294;
   -0.0296;
   -0.0297;
   -0.0297;
    0.0297;
   -0.0296;
    0.0297;
   -0.0297;
   -0.0296;
    0.0297;
    0.0297;
   -0.0295;
    0.0295;
    0.0297;
    0.0297;
   -0.0297;
   -0.0297;
    0.0297;
    0.0291;
    0.0297;
    0.0297;
    0.0297;
    0.0297;
   -0.0295;
    0.0297;
    0.0292;
    0.0297;
    0.0297;
   -0.0297;
    0.0289;
    0.0290;
   -0.0297;
   -0.0297;
    0.0296;
   -0.0297;
    0.0287;
    0.0297;
   -0.0297;
   -0.0297;
    0.0295;
   -0.0297;
    0.0297;
   -0.0297;
   -0.0297;
   -0.0297;
   -0.0300;
    0.0290;
   -0.0297;
   -0.0295;
   -0.0296;
    0.0297;
   -0.0296;
   -0.0297;
    0.0297;
    0.0297;
   -0.0296;
    0.0297;
    0.0292;
   -0.0293;
    0.0296;
    0.0289;
    0.0278;
    0.0297;
   -0.0296;
   -0.0296;
    0.0297;
    0.0295;
    0.0294;
    0.0286;
   -0.0297;
    0.0283;
    0.0294;
   -0.0297;
   -0.0296;
   -0.0297;
    0.0296;
   -0.0294;
   -0.0297;
   -0.0295;
    0.0295;
   -0.0297;
    0.0297;
    0.0297;
    0.0297;
   -0.0297;
   -0.0297;
   -0.0296;
   -0.0297;
    0.0292;
    0.0297;
    0.0296;
    0.0295;
   -0.0297;
   -0.0297;
    0.0297;
   -0.0297;
    0.0297;
   -0.0297;
   -0.0297;
   -0.0297;
    0.0296;
   -0.0296;
   -0.0295;
    0.0296;
   -0.0296;
    0.0293;
    0.0297;
   -0.0297;
    0.0297;
    0.0297;
    0.0296;
    0.0290;
    0.0288;
    0.0297;
    0.0291;
   -0.0295;
   -0.0297;
   -0.0297;
    0.0265;
    0.0296;
   -0.0296;
    0.0296;
    0.0297;
   -0.0297;
    0.0287;
   -0.0296;
   -0.0295;
    0.0297;
   -0.0297;
   -0.0297;
    0.0297;
   -0.0296;
   -0.0296;
    0.0297;
    0.0283;
   -0.0297;
   -0.0296;
    0.0296;
   -0.0297;
   -0.0296;
    0.0288;
   -0.0297;
   -0.0293;
    0.0294;
   -0.0297;
    0.0296;
   -0.0297;
    0.0297;
   -0.0296;
    0.0297;
    0.0295;
    0.0294;
    0.0297;
    0.0292;
    0.0297;
   -0.0297;
   -0.0297;
    0.0297;
   -0.0294;
    0.0297;
    0.0265;
   -0.0296;
   -0.0297;
   -0.0295;
   -0.0297;
   -0.0297;
    0.0295;
   -0.0296;
   -0.0297;
   -0.0296;
    0.0297;
   -0.0297;
    0.0297;
   -0.0297;
    0.0297;
    0.0297;
   -0.0297;
    0.0276;
    0.0297;
    0.0297;
   -0.0299;
    0.0296;
   -0.0297;
   -0.0297;
   -0.0296;
    0.0293;
   -0.0297;
   -0.0297;
    0.0297;
    0.0269;
   -0.0297;
   -0.0297;
   -0.0297;
   -0.0297;
    0.0291;
    0.0296;
   -0.0297;
   -0.0297;
    0.0295;
    0.0297;
    0.0280;
    0.0297;
    0.0289;
    0.0297;
    0.0261;
    0.0276;
   -0.0296;
   -0.0297;
    0.0297;
    0.0297;
    0.0297;
    0.0293;
    0.0297;
   -0.0297;
    0.0292;
   -0.0297;
    0.0297;
   -0.0296;
    0.0297;
    0.0297;
    0.0297;
    0.0297;
   -0.0297;
   -0.0296;
   -0.0296;
    0.0294;
    0.0297;
    0.0274;
   -0.0297;
   -0.0295;
    0.0259;
   -0.0297;
    0.0297;
   -0.0297;
   -0.0293;
   -0.0297;
    0.0297;
   -0.0297;
    0.0297;
   -0.0296;
   -0.0297;
    0.0297;
    0.0289;
   -0.0296;
    0.0297;
    0.0297;
   -0.0296;
    0.0297;
    0.0295;
    0.0290;
    0.0297;
   -0.0296;
   -0.0296;
   -0.0296;
   -0.0297;
    0.0296;
   -0.0295;
    0.0297;
   -0.0296;
   -0.0295;
    0.0294;
   -0.0296;
    0.0297;
    0.0297;
    0.0297;
    0.0297;
   -0.0296;
   -0.0296;
   -0.0297;
   -0.0295;
   -0.0296;
    0.0265;
    0.0296;
   -0.0292;
   -0.0296;
   -0.0297;
   -0.0297;
   -0.0297;
   -0.0296;
    0.0297;
   -0.0297;
   -0.0297;
   -0.0297;
    0.0296;
   -0.0297;
   -0.0294;
    0.0297;
    0.0297;
    0.0300;
   -0.0297;
    0.0296;
    0.0297;
   -0.0298;
    0.0296;
   -0.0297;
   -0.0294;
   -0.0296;
    0.0297;
    0.0296;
   -0.0297;
    0.0297;
    0.0296;
   -0.0297;
   -0.0297;
   -0.0297;
    0.0295;
   -0.0297;
    0.0297;
   -0.0294;
    0.0294;
    0.0296;
   -0.0297;
    0.0297;
   -0.0297;
    0.0297;
   -0.0296;
   -0.0296;
   -0.0297;
   -0.0297;
   -0.0281;
   -0.0297;
   -0.0297;
   -0.0296;
   -0.0296;
    0.0297;
    0.0296;
    0.0290;
    0.0297;
    0.0297;
   -0.0297;
    0.0297;
   -0.0296;
    0.0297;
   -0.0297;
   -0.0297;
   -0.0297;
   -0.0297;
   -0.0296;
    0.0296;
   -0.0296;
    0.0289;
    0.0297;
    0.0295;
   -0.0296;
    0.0280;
    0.0297;
   -0.0295;
    0.0297;
   -0.0296;
   -0.0297;
   -0.0297;
   -0.0297;
    0.0297;
    0.0289;
   -0.0296;
   -0.0297;
   -0.0295;
   -0.0296;
   -0.0297;
    0.0292;
   -0.0296;
   -0.0296;
   -0.0292;
    0.0297;
    0.0296;
   -0.0297;
    0.0294;
    0.0297;
   -0.0294;
    0.0297;
   -0.0295;
    0.0297;
   -0.0297;
   -0.0297;
   -0.0296;
   -0.0296;
    0.0296;
   -0.0296;
    0.0297;
    0.0265;
   -0.0297;
    0.0297;
    0.0287;
   -0.0296;
   -0.0298;
    0.0288;
   -0.0297;
    0.0297;
   -0.0297;
    0.0297;
    0.0297;
    0.0297;
   -0.0296;
    0.0296;
   -0.0297;
    0.0290;
   -0.0297;
   -0.0295;
   -0.0296;
    0.0295;
    0.0297;
    0.0293;
    0.0296;
    0.0295;
   -0.0297;
   -0.0296;
    0.0297;
   -0.0294;
   -0.0296;
    0.0293;
   -0.0297;
    0.0295;
   -0.0296;
   -0.0297;
   -0.0292;
   -0.0297;
   -0.0296;
    0.0297;
   -0.0297;
    0.0297;
    0.0285;
   -0.0297;
    0.0297;
   -0.0295;
   -0.0297;
    0.0297;
    0.0276;
   -0.0296;
    0.0297;
    0.0295;
    0.0296;
    0.0264;
    0.0297;
    0.0297;
   -0.0296;
    0.0287;
   -0.0296;
   -0.0297;
   -0.0297;
   -0.0297;
    0.0297;
   -0.0276;
    0.0297;
   -0.0296;
    0.0297;
   -0.0297;
   -0.0296;
    0.0297;
    0.0297;
   -0.0297;
    0.0297;
    0.0297;
    0.0297;
   -0.0297;
   -0.0297;
    0.0297;
    0.0297;
   -0.0297;
    0.0297;
   -0.0296;
   -0.0296;
    0.0297;
   -0.0296;
    0.0296;
    0.0297;
   -0.0296;
    0.0297;
   -0.0296;
   -0.0297;
    0.0296;
    0.0296;
    0.0297;
    0.0297;
   -0.0296;
    0.0297;
    0.0297;
    0.0297;
   -0.0297;
    0.0291;
    0.0297;
   -0.0296;
    0.0297;
   -0.0297;
   -0.0296;
    0.0275;
    0.0293;
   -0.0296;
   -0.0296;
   -0.0295;
   -0.0297;
   -0.0295;
   -0.0296;
   -0.0297;
    0.0297;
    0.0297;
   -0.0297;
   -0.0296;
    0.0291;
   -0.0297;
    0.0293;
   -0.0297;
    0.0291;
   -0.0296;
    0.0297;
    0.0295;
   -0.0296;
   -0.0295;
    0.0296;
    0.0275;
    0.0297;
    0.0295;
   -0.0297;
   -0.0297;
    0.0290;
    0.0294;
    0.0297;
   -0.0296;
   -0.0297;
   -0.0297;
   -0.0297;
   -0.0296;
   -0.0297;
   -0.0297;
   -0.0296;
   -0.0296;
   -0.0296;
    0.0290;
   -0.0297;
   -0.0293;
   -0.0297;
   -0.0297;
    0.0297;
    0.0297;
    0.0263;
    0.0297;
    0.0297;
    0.0295;
   -0.0297;
    0.0297;
    0.0296;
   -0.0297;
   -0.0297;
   -0.0296;
    0.0296;
   -0.0294;
    0.0297;
    0.0294;
    0.0297;
   -0.0297;
    0.0297;
   -0.0294;
   -0.0296;
   -0.0297;
    0.0294;
   -0.0297;
   -0.0295;
    0.0294;
    0.0295;
    0.0296;
    0.0294;
   -0.0294;
    0.0297;
   -0.0297;
    0.0297;
    0.0297;
    0.0295;
    0.0271;
    0.0297;
   -0.0296;
   -0.0297;
   -0.0296;
   -0.0296;
    0.0297;
   -0.0296;
    0.0293;
    0.0278;
    0.0297;
    0.0278;
   -0.0297;
   -0.0296;
   -0.0297;
   -0.0297;
   -0.0296;
   -0.0295;
   -0.0297;
    0.0296;
   -0.0297;
   -0.0296;
   -0.0297;
   -0.0297;
   -0.0296;
    0.0277;
    0.0297;
   -0.0296;
   -0.0296;
   -0.0295;
    0.0294;
    0.0296;
   -0.0297;
    0.0295;
   -0.0297;
   -0.0295;
    0.0297;
   -0.0296;
    0.0297;
   -0.0297;
    0.0281;
    0.0297;
    0.0295;
   -0.0297;
   -0.0297;
   -0.0297;
   -0.0297;
    0.0296;
   -0.0297;
   -0.0296;
    0.0292;
    0.0296;
   -0.0296;
   -0.0297;
   -0.0297;
   -0.0297;
    0.0297;
   -0.0297;
    0.0297;
    0.0292;
   -0.0297;
   -0.0296;
    0.0293;
   -0.0296;
   -0.0296;
    0.0297;
   -0.0295;
    0.0297;
   -0.0297;
    0.0297;
    0.0297;
    0.0297;
   -0.0297;
    0.0276;
   -0.0295;
    0.0296;
   -0.0295;
   -0.0297;
   -0.0296;
    0.0297;
    0.0297;
   -0.0297;
   -0.0295;
    0.0297;
   -0.0297;
   -0.0297;
    0.0291;
    0.0296;
   -0.0296;
    0.0297;
    0.0292;
   -0.0297;
    0.0297;
   -0.0297;
   -0.0297;
    0.0297;
   -0.0296;
    0.0293;
    0.0296;
    0.0297;
   -0.0297;
    0.0297;
    0.0297;
    0.0297;
    0.0297;
    0.0294;
   -0.0296;
   -0.0297;
    0.0297;
    0.0297;
    0.0297;
    0.0297;
   -0.0297;
    0.0297;
   -0.0294;
    0.0297;
   -0.0297;
    0.0296;
    0.0291;
   -0.0291;
   -0.0297;
    0.0296;
    0.0295;
   -0.0296;
   -0.0295;
    0.0293;
    0.0294;
   -0.0296;
    0.0297;
    0.0296;
    0.0295;
    0.0296;
    0.0296;
    0.0297;
   -0.0296;
   -0.0297;
   -0.0297;
    0.0296;
   -0.0296;
   -0.0296;
    0.0297;
    0.0297;
    0.0260;
   -0.0296;
   -0.0297;
   -0.0297;
   -0.0297;
    0.0295;
    0.0297;
   -0.0297;
    0.0295;
   -0.0297;
   -0.0297;
    0.0285;
   -0.0297;
   -0.0297;
    0.0259;
   -0.0296;
   -0.0297;
   -0.0297;
   -0.0296;
    0.0298;
    0.0297;
   -0.0297;
    0.0292;
   -0.0297;
   -0.0295;
    0.0296;
    0.0286;
    0.0295;
    0.0297;
   -0.0297;
    0.0297;
   -0.0297;
   -0.0296;
   -0.0296;
   -0.0297;
    0.0297;
   -0.0297;
   -0.0296;
   -0.0297;
   -0.0296;
   -0.0296;
   -0.0295;
   -0.0297;
   -0.0297;
   -0.0296;
    0.0290;
   -0.0296;
    0.0294;
    0.0293;
    0.0296;
    0.0294;
   -0.0296;
   -0.0297;
    0.0297;
    0.0296;
   -0.0296;
   -0.0296;
   -0.0297;
   -0.0297;
    0.0297;
    0.0271;
   -0.0296;
    0.0297;
   -0.0296;
   -0.0296;
   -0.0296;
    0.0297;
   -0.0296;
   -0.0275;
    0.0296;
   -0.0294;
    0.0297;
    0.0293;
   -0.0297;
    0.0297;
    0.0297;
    0.0297;
    0.0297;
    0.0297;
    0.0297;
   -0.0297;
    0.0297;
   -0.0297;
    0.0297;
    0.0297;
    0.0297;
   -0.0297;
    0.0287;
   -0.0297;
   -0.0296;
   -0.0297;
   -0.0296;
   -0.0296;
    0.0297;
   -0.0297;
   -0.0295;
    0.0297;
    0.0297;
    0.0295;
    0.0297;
   -0.0297;
    0.0297;
   -0.0276;
   -0.0297;
   -0.0296;
   -0.0297;
    0.0296;
   -0.0296;
   -0.0297;
   -0.0297;
   -0.0296;
    0.0297;
    0.0297;
    0.0270;
   -0.0297;
    0.0297;
    0.0297;
   -0.0297;
   -0.0297;
   -0.0296;
    0.0297;
    0.0294;
   -0.0296;
   -0.0291;
    0.0297;
    0.0296;
   -0.0302;
    0.0295;
    0.0297;
   -0.0297;
    0.0297;
   -0.0297;
    0.0296;
    0.0294;
    0.0297;
   -0.0296;
   -0.0297;
   -0.0297;
   -0.0294;
    0.0297;
    0.0297;
   -0.0296;
   -0.0296;
    0.0296;
    0.0274;
   -0.0295;
    0.0297;
   -0.0297;
   -0.0297;
   -0.0297;
   -0.0296;
    0.0269;
    0.0297;
   -0.0295;
   -0.0296;
    0.0288;
    0.0297;
   -0.0294;
   -0.0296;
   -0.0297;
   -0.0297;
    0.0297;
   -0.0296;
    0.0297;
    0.0297;
   -0.0296;
   -0.0297;
    0.0295;
   -0.0297;
    0.0297;
    0.0297;
    0.0297;
   -0.0296;
   -0.0297;
    0.0296;
    0.0297;
   -0.0296;
   -0.0295;
   -0.0296;
    0.0292;
    0.0279;
   -0.0297;
    0.0297;
    0.0287;
    0.0296;
   -0.0297;
    0.0297;
   -0.0296;
   -0.0296;
    0.0297;
   -0.0298;
    0.0297;
    0.0285;
   -0.0297;
   -0.0297;
   -0.0297;
   -0.0297;
   -0.0295;
   -0.0297;
   -0.0296;
   -0.0297;
    0.0291;
    0.0281;
   -0.0297;
   -0.0296;
    0.0291;
    0.0297;
   -0.0296;
   -0.0297;
    0.0297;
    0.0297;
    0.0297;
    0.0297;
   -0.0296;
    0.0297;
   -0.0297;
    0.0297;
   -0.0297;
    0.0296;
    0.0283;
    0.0290;
   -0.0296;
    0.0297;
    0.0297;
   -0.0294;
   -0.0297;
   -0.0297;
   -0.0293;
    0.0297;
   -0.0297;
    0.0297;
    0.0287;
   -0.0296;
    0.0297;
   -0.0296;
   -0.0297;
   -0.0297;
    0.0289;
    0.0291;
    0.0297;
   -0.0297;
   -0.0297;
   -0.0295;
   -0.0296;
    0.0297;
    0.0297;
   -0.0297;
   -0.0297;
    0.0296;
   -0.0297;
    0.0297;
    0.0297;
   -0.0297;
   -0.0297;
    0.0297;
   -0.0296;
    0.0287;
    0.0297;
   -0.0294;
    0.0293;
   -0.0296;
   -0.0297;
   -0.0297;
   -0.0297;
    0.0297;
   -0.0296;
   -0.0296;
    0.0297;
   -0.0297;
   -0.0295;
    0.0297;
   -0.0295;
   -0.0297;
    0.0297;
    0.0297;
   -0.0297;
   -0.0296;
    0.0296;
    0.0292;
    0.0292;
    0.0292;
   -0.0296;
    0.0295;
   -0.0292;
    0.0297;
   -0.0297;
   -0.0293;
    0.0300;
    0.0297;
   -0.0297;
   -0.0297;
    0.0297;
   -0.0297;
    0.0297;
    0.0297;
   -0.0297;
    0.0297;
    0.0270;
   -0.0297;
    0.0292;
    0.0297;
    0.0260;
    0.0297;
   -0.0297;
   -0.0297;
   -0.0297;
    0.0297;
    0.0296;
   -0.0297;
   -0.0296;
   -0.0297;
   -0.0293;
   -0.0296;
    0.0297;
   -0.0297;
    0.0297;
    0.0296;
   -0.0297;
   -0.0297;
   -0.0296;
    0.0297;
   -0.0297;
    0.0297;
   -0.0297;
   -0.0297;
    0.0297;
    0.0290;
    0.0296;
    0.0296;
   -0.0294;
   -0.0297;
    0.0297;
   -0.0296;
   -0.0297;
    0.0296;
   -0.0297;
   -0.0297;
    0.0282;
   -0.0297;
   -0.0297;
    0.0297;
    0.0294;
    0.0292;
   -0.0297;
   -0.0297;
    0.0291;
    0.0296;
    0.0292;
   -0.0297;
   -0.0297;
   -0.0297;
   -0.0297;
   -0.0293;
   -0.0297;
    0.0300;
    0.0297;
    0.0293;
    0.0295;
    0.0292;
   -0.0296;
    0.0297;
    0.0297;
    0.0297;
   -0.0295;
    0.0297;
   -0.0297;
    0.0297;
   -0.0296;
    0.0297;
    0.0297;
   -0.0296;
   -0.0296;
   -0.0295;
    0.0297;
    0.0280;
    0.0297;
    0.0297;
   -0.0297;
   -0.0297;
    0.0297;
    0.0295;
    0.0295;
    0.0295;
   -0.0295;
   -0.0295;
    0.0297;
   -0.0297;
   -0.0297;
    0.0288;
   -0.0297;
    0.0297;
   -0.0297;
   -0.0297;
   -0.0297;
    0.0297;
    0.0297;
    0.0296;
   -0.0297;
    0.0297;
   -0.0297;
   -0.0297;
    0.0292;
    0.0297;
    0.0297;
   -0.0297;
   -0.0296;
    0.0297;
   -0.0295;
   -0.0297;
    0.0297;
   -0.0297;
    0.0296;
    0.0297;
    0.0297;
   -0.0297;
    0.0286;
   -0.0297;
    0.0297;
   -0.0296;
    0.0297;
    0.0292;
    0.0294;
   -0.0297;
   -0.0296;
    0.0296;
    0.0297;
   -0.0297;
    0.0297;
   -0.0296;
    0.0296;
   -0.0297;
   -0.0296;
    0.0297;
   -0.0296;
    0.0297;
    0.0297;
    0.0297;
    0.0297;
    0.0297;
    0.0297;
    0.0290;
   -0.0296;
    0.0297;
   -0.0299;
   -0.0297;
   -0.0297;
   -0.0297;
   -0.0296;
    0.0296;
   -0.0296;
    0.0297;
    0.0287;
    0.0290;
    0.0294;
    0.0296;
   -0.0297;
    0.0296;
   -0.0297;
    0.0290;
   -0.0296;
   -0.0297;
    0.0296;
   -0.0296;
   -0.0297;
   -0.0297;
    0.0294;
    0.0297;
    0.0296;
   -0.0297;
    0.0295;
   -0.0297;
    0.0287;
    0.0292;
    0.0297;
   -0.0295;
    0.0297;
    0.0297;
    0.0297;
    0.0289;
   -0.0297;
   -0.0296;
   -0.0297;
   -0.0297;
    0.0297;
    0.0296;
    0.0291;
   -0.0296;
    0.0297;
    0.0296;
    0.0297;
   -0.0296;
   -0.0297;
   -0.0296;
   -0.0297;
   -0.0297;
    0.0297;
   -0.0296;
    0.0296;
    0.0295;
    0.0294;
    0.0297;
    0.0276;
    0.0294;
   -0.0296;
   -0.0297;
    0.0297;
   -0.0296;
    0.0297;
   -0.0295;
    0.0297;
    0.0297;
    0.0297;
   -0.0297;
    0.0297;
    0.0297;
    0.0297;
    0.0288;
    0.0297;
    0.0294;
   -0.0297;
    0.0294;
   -0.0295;
   -0.0296;
   -0.0297;
    0.0297;
   -0.0296;
    0.0289;
   -0.0296;
   -0.0295;
    0.0293;
    0.0297;
    0.0296;
    0.0290;
    0.0297;
    0.0293;
    0.0291;
    0.0296;
    0.0297;
   -0.0295;
   -0.0297;
    0.0296;
    0.0297;
   -0.0296;
   -0.0297;
    0.0297;
    0.0270;
    0.0283;
   -0.0296;
   -0.0296;
   -0.0297;
    0.0293;
    0.0296;
    0.0297;
    0.0293;
   -0.0297;
    0.0297;
   -0.0297;
   -0.0297;
   -0.0297;
   -0.0297;
    0.0297;
   -0.0296;
   -0.0297;
    0.0297;
    0.0296;
   -0.0297;
    0.0264;
   -0.0296;
    0.0259;
    0.0297;
   -0.0297;
    0.0297;
    0.0296;
    0.0297;
    0.0295;
   -0.0296;
    0.0295;
   -0.0297;
    0.0297;
    0.0290;
    0.0297;
   -0.0297;
   -0.0297;
   -0.0297;
    0.0297;
   -0.0296;
   -0.0297;
   -0.0297;
    0.0297;
    0.0297;
    0.0297;
   -0.0296;
    0.0297;
   -0.0296;
   -0.0297;
    0.0293;
   -0.0297;
   -0.0297;
   -0.0297;
   -0.0297;
   -0.0297;
    0.0280;
    0.0297;
    0.0289;
   -0.0295;
    0.0297;
    0.0296;
   -0.0297;
    0.0297;
    0.0296;
    0.0291;
   -0.0297;
   -0.0296;
    0.0290;
    0.0296;
   -0.0297;
    0.0297;
   -0.0296;
   -0.0297;
   -0.0297;
   -0.0296;
    0.0297;
   -0.0297;
   -0.0297;
    0.0297;
    0.0297;
   -0.0296;
    0.0297;
    0.0291;
    0.0291;
    0.0297;
    0.0297;
   -0.0296;
    0.0297;
   -0.0297;
   -0.0297;
    0.0297;
    0.0297;
   -0.0295;
   -0.0294;
   -0.0297;
    0.0259;
   -0.0296;
   -0.0297;
   -0.0297;
   -0.0297;
    0.0297;
    0.0297;
   -0.0297;
   -0.0296;
    0.0297;
    0.0297;
    0.0296;
    0.0294;
    0.0297;
   -0.0296;
   -0.0297;
   -0.0297;
   -0.0295;
   -0.0296;
   -0.0297;
    0.0297;
    0.0297;
   -0.0297;
    0.0300;
    0.0297;
    0.0297;
   -0.0295;
   -0.0297;
    0.0297;
   -0.0296;
    0.0297;
    0.0297;
   -0.0297;
    0.0293;
   -0.0297;
   -0.0295;
    0.0297;
   -0.0297;
   -0.0297;
    0.0297;
   -0.0296;
   -0.0297;
    0.0297;
   -0.0297;
    0.0292;
    0.0269;
   -0.0296;
    0.0297;
   -0.0296;
   -0.0297;
    0.0259;
    0.0297;
    0.0280;
   -0.0295;
    0.0297;
    0.0297;
   -0.0297;
   -0.0295;
   -0.0296;
   -0.0296;
    0.0295;
    0.0297;
   -0.0296;
    0.0297;
    0.0297;
    0.0297;
   -0.0296;
    0.0286;
    0.0297;
    0.0297;
   -0.0297;
    0.0297;
   -0.0291;
   -0.0296;
   -0.0296;
    0.0297;
    0.0297;
   -0.0297;
    0.0296;
    0.0297;
   -0.0296;
    0.0287;
    0.0276;
    0.0297;
    0.0297;
   -0.0297;
    0.0297;
   -0.0294;
    0.0272;
    0.0297;
   -0.0295;
   -0.0296;
   -0.0297;
    0.0291;
   -0.0297;
   -0.0297;
   -0.0303;
   -0.0297;
    0.0296;
   -0.0296;
    0.0292;
   -0.0297;
    0.0297;
   -0.0297;
    0.0297;
   -0.0293;
    0.0265;
   -0.0297;
    0.0297;
   -0.0296;
    0.0296;
    0.0284;
   -0.0297;
    0.0297;
    0.0297;
    0.0297;
    0.0297;
    0.0297;
   -0.0295;
    0.0294;
    0.0296;
   -0.0297;
    0.0297;
   -0.0297;
   -0.0297;
   -0.0296;
   -0.0296;
   -0.0297;
    0.0297;
   -0.0297;
   -0.0295;
   -0.0297;
    0.0296;
   -0.0297;
    0.0297;
   -0.0294;
   -0.0295;
   -0.0297;
   -0.0296;
    0.0297;
    0.0297;
    0.0297;
   -0.0297;
    0.0297;
   -0.0296;
   -0.0299;
   -0.0296;
    0.0290;
   -0.0297;
    0.0292;
   -0.0297;
   -0.0297;
    0.0297;
    0.0297;
    0.0297;
   -0.0297;
    0.0297;
   -0.0295;
    0.0297;
    0.0297;
    0.0297;
   -0.0297;
   -0.0297;
   -0.0295;
    0.0297;
    0.0297;
    0.0297;
   -0.0297;
    0.0297;
    0.0293;
    0.0297;
    0.0297;
    0.0296;
    0.0294;
    0.0297;
   -0.0295;
   -0.0296;
    0.0297;
   -0.0296;
    0.0297;
   -0.0295;
    0.0295;
    0.0297;
    0.0297;
   -0.0297;
   -0.0297;
    0.0297;
    0.0294;
   -0.0297;
   -0.0296;
   -0.0297;
   -0.0296;
    0.0297;
    0.0297;
    0.0294;
   -0.0296;
    0.0261;
    0.0297;
   -0.0298;
   -0.0297;
   -0.0296;
   -0.0294;
   -0.0297;
    0.0287;
   -0.0297;
   -0.0297;
    0.0296;
   -0.0296;
    0.0292;
    0.0271;
    0.0295;
   -0.0296;
   -0.0297;
    0.0297;
    0.0296;
    0.0259;
    0.0297;
   -0.0297;
   -0.0297;
    0.0296;
   -0.0296;
   -0.0292;
    0.0297;
   -0.0296;
    0.0287;
    0.0296;
    0.0297;
   -0.0297;
   -0.0296;
   -0.0295;
    0.0297;
   -0.0293;
    0.0293;
   -0.0297;
    0.0295;
    0.0297;
    0.0297;
   -0.0295;
    0.0297;
    0.0297;
   -0.0296;
    0.0297;
   -0.0297;
   -0.0297;
    0.0296;
   -0.0295;
   -0.0297;
    0.0297;
   -0.0294;
    0.0297;
    0.0297;
   -0.0297;
    0.0297;
   -0.0296;
   -0.0296;
   -0.0296;
    0.0277;
    0.0297;
    0.0297;
    0.0259;
    0.0269;
    0.0297;
   -0.0297;
    0.0288;
   -0.0297;
   -0.0297;
   -0.0297;
    0.0297;
    0.0296;
    0.0297;
   -0.0296;
   -0.0297;
    0.0297;
   -0.0295;
    0.0295;
   -0.0297;
   -0.0297;
   -0.0297;
    0.0268;
   -0.0294;
   -0.0297;
   -0.0297;
   -0.0297;
   -0.0295;
    0.0289;
   -0.0297;
    0.0297;
   -0.0297;
    0.0293;
   -0.0297;
    0.0260;
    0.0297;
   -0.0297;
   -0.0296;
    0.0295;
    0.0297;
    0.0297;
    0.0296;
    0.0297;
   -0.0296;
   -0.0296;
   -0.0296;
    0.0297;
   -0.0297;
   -0.0297;
   -0.0295;
   -0.0295;
    0.0297;
    0.0297;
   -0.0296;
    0.0297;
    0.0297;
    0.0297;
    0.0297;
   -0.0296;
   -0.0298;
   -0.0297;
    0.0294;
    0.0292;
   -0.0296;
   -0.0296;
    0.0296;
    0.0297;
    0.0297;
   -0.0295;
   -0.0297;
   -0.0297;
    0.0297;
    0.0297;
   -0.0297;
    0.0297;
    0.0297;
    0.0297;
    0.0297;
   -0.0296;
    0.0297;
   -0.0294;
   -0.0297;
    0.0297;
    0.0297;
    0.0297;
   -0.0297;
   -0.0297;
   -0.0297;
    0.0290;
    0.0297;
   -0.0297;
    0.0296;
   -0.0295;
    0.0297;
    0.0297;
    0.0297;
    0.0296;
   -0.0293;
    0.0296;
    0.0297;
    0.0296;
    0.0297;
   -0.0297;
   -0.0296;
   -0.0295;
   -0.0297;
    0.0297;
   -0.0297;
    0.0284;
   -0.0297;
    0.0297;
   -0.0297;
   -0.0296;
   -0.0296;
    0.0300;
    0.0297;
    0.0297;
   -0.0297;
   -0.0297;
   -0.0297;
    0.0297;
    0.0297;
    0.0296;
   -0.0297;
   -0.0295;
    0.0297;
   -0.0297;
    0.0279;
    0.0293;
    0.0296;
   -0.0297;
    0.0287;
    0.0296;
    0.0297;
    0.0297;
   -0.0297;
   -0.0296;
    0.0279;
    0.0297;
    0.0296;
    0.0296;
   -0.0297;
   -0.0296;
   -0.0297;
   -0.0296;
    0.0297;
    0.0297;
   -0.0297;
   -0.0296;
    0.0297;
    0.0292;
    0.0295;
    0.0288;
   -0.0297;
   -0.0297;
   ]